0.02 0 0 1144.160784256233 
0.02 0.001923076923076923 0 1126.938486023985 
0.02 0.003846153846153846 0 1109.902312334427 
0.02 0.00576923076923077 0 1093.085978365492 
0.02 0.007692307692307692 0 1076.521809828629 
0.02 0.009615384615384614 0 1060.240633732382 
0.02 0.01153846153846154 0 1044.271679265549 
0.02 0.01346153846153846 0 1028.642485598305 
0.02 0.01538461538461538 0 1013.3788157637 
0.02 0.01730769230769231 0 998.5045780425193 
0.02 0.01923076923076923 0 984.0417576859642 
0.02 0.02115384615384615 0 970.0103621913847 
0.02 0.02307692307692308 0 956.4283829408391 
0.02 0.025 0 943.3117752071573 
0.02 0.02692307692307692 0 930.6744576540177 
0.02 0.02884615384615385 0 918.5283316895863 
0.02 0.03076923076923077 0 906.8833204325689 
0.02 0.03269230769230769 0 895.7474265996266 
0.02 0.03461538461538462 0 885.1268082862827 
0.02 0.03653846153846153 0 875.0258713558496 
0.02 0.03846153846153846 0 865.4623383258647 
0.02 0.04038461538461538 0 856.4374148593631 
0.02 0.0423076923076923 0 847.9357798825417 
0.02 0.04423076923076923 0 839.9558333346459 
0.02 0.04615384615384616 0 832.4949205985263 
0.02 0.04807692307692308 0 825.5494897381064 
0.02 0.05 0 819.1152516456309 
0.02 0.05192307692307692 0 813.1873411015679 
0.02 0.05384615384615384 0 807.7604767841983 
0.02 0.05576923076923077 0 802.8291183190991 
0.02 0.0576923076923077 0 798.3876185295267 
0.02 0.05961538461538461 0 794.4303691357209 
0.02 0.06153846153846154 0 790.9519382528338 
0.02 0.06346153846153846 0 787.9471981520491 
0.02 0.06538461538461539 0 785.4114418760238 
0.02 0.0673076923076923 0 783.3404874365169 
0.02 0.06923076923076924 0 781.7307684675792 
0.02 0.07115384615384615 0 780.5794103606442 
0.02 0.07307692307692307 0 779.8842910669563 
0.02 0.075 0 779.6440859168133 


